     z           Phi            Tk          Phi_mini       zpp[0]
35.000000   0.000000E+00   2.563500E+01   0.000000E+00   34.890705
34.064426   3.586431E-17   2.434938E+01   0.000000E+00   34.185760
33.376888   9.831136E-17   2.341563E+01   0.000000E+00   33.494671
32.702835   2.609445E-16   2.251660E+01   0.000000E+00   32.817173
32.041992   6.714228E-16   2.165104E+01   0.000000E+00   32.152985
31.394112   1.676555E-15   2.081780E+01   0.000000E+00   31.501854
30.758934   4.069427E-15   2.001573E+01   0.000000E+00   30.863523
30.136211   9.606147E-15   1.924371E+01   0.000000E+00   30.237740
29.525698   2.207264E-14   1.850068E+01   0.000000E+00   29.624254
28.927155   4.941471E-14   1.778560E+01   0.000000E+00   29.022827
28.340349   1.078825E-13   1.709747E+01   0.000000E+00   28.433222
27.765047   2.298900E-13   1.643531E+01   0.000000E+00   27.855202
27.201029   4.785560E-13   1.579820E+01   0.000000E+00   27.288546
26.648067   9.742864E-13   1.518522E+01   0.000000E+00   26.733023
26.105949   1.941001E-12   1.459549E+01   0.000000E+00   26.188419
25.574459   3.786388E-12   1.402817E+01   0.000000E+00   25.654516
25.053392   7.237695E-12   1.348245E+01   0.000000E+00   25.131105
24.542542   1.356623E-11   1.295752E+01   0.000000E+00   24.617981
24.041708   2.495153E-11   1.245263E+01   0.000000E+00   24.114941
23.550695   4.506128E-11   1.196704E+01   0.000000E+00   23.621784
23.069309   7.995632E-11   1.150004E+01   0.000000E+00   23.138317
22.597363   1.394802E-10   1.105094E+01   0.000000E+00   22.664352
22.134670   2.393542E-10   1.061910E+01   0.000000E+00   22.199699
21.681049   4.042858E-10   1.020388E+01   0.000000E+00   21.744175
21.236322   6.725018E-10   9.804672E+00   0.000000E+00   21.297602
20.800318   1.102270E-09   9.420914E+00   0.000000E+00   20.859804
20.372860   1.781144E-09   9.052057E+00   0.000000E+00   20.430605
19.953785   2.838842E-09   8.697601E+00   0.000000E+00   20.009840
19.542927   4.465605E-09   8.357079E+00   0.000000E+00   19.597342
19.140125   6.935849E-09   8.030076E+00   0.000000E+00   19.192949
18.745220   1.064034E-08   7.716233E+00   0.000000E+00   18.796497
18.358061   1.612993E-08   7.415264E+00   0.000000E+00   18.407839
17.978491   2.417227E-08   7.126957E+00   0.000000E+00   18.026812
17.606363   3.582486E-08   6.851219E+00   0.000000E+00   17.653271
17.241533   5.252970E-08   6.588075E+00   0.000000E+00   17.287067
16.883856   7.623304E-08   6.337729E+00   0.000000E+00   16.928059
16.533194   1.095364E-07   6.100561E+00   0.000000E+00   16.576103
16.189405   1.558854E-07   5.877176E+00   0.000000E+00   16.231060
15.852358   2.198028E-07   5.668519E+00   0.000000E+00   15.892794
15.521920   3.071738E-07   5.475842E+00   0.000000E+00   15.561173
15.197961   4.255968E-07   5.300928E+00   0.000000E+00   15.236066
14.880355   5.848026E-07   5.146033E+00   0.000000E+00   14.917345
14.568975   7.971643E-07   5.013935E+00   0.000000E+00   14.604883
14.263701   1.078297E-06   4.908366E+00   0.000000E+00   14.298559
13.964414   1.447779E-06   4.833773E+00   0.000000E+00   13.998252
13.670994   1.930001E-06   4.795926E+00   0.000000E+00   13.703842
13.383327   2.555149E-06   4.801906E+00   0.000000E+00   13.415215
13.101302   3.360377E-06   4.860693E+00   0.000000E+00   13.132257
12.824806   4.391157E-06   4.982509E+00   0.000000E+00   12.854856
12.553732   5.702840E-06   5.181172E+00   0.000000E+00   12.582903
12.287972   7.362457E-06   5.472879E+00   0.000000E+00   12.316291
12.027424   9.450818E-06   5.876282E+00   0.000000E+00   12.054914
11.771985   1.206487E-05   6.414478E+00   0.000000E+00   11.798672
11.521554   1.532047E-05   7.112727E+00   0.000000E+00   11.547461
11.276033   1.935543E-05   8.005716E+00   0.000000E+00   11.301183
11.035327   2.433315E-05   9.132469E+00   0.000000E+00   11.059741
10.799340   3.044653E-05   1.054317E+01   0.000000E+00   10.823041
10.567981   3.792270E-05   1.230146E+01   0.000000E+00   10.590988
10.341158   4.702799E-05   1.448272E+01   0.000000E+00   10.363493
10.118783   5.807391E-05   1.717793E+01   0.000000E+00   10.140466
9.900767   7.142388E-05   2.047487E+01   0.000000E+00   9.921817
9.687027   8.750031E-05   2.451360E+01   0.000000E+00   9.707461
9.477478   1.067933E-04   2.945683E+01   0.000000E+00   9.497315
9.272038   1.298700E-04   3.553265E+01   0.000000E+00   9.291295
9.070625   1.573853E-04   4.294891E+01   0.000000E+00   9.089320
8.873162   1.900933E-04   5.196044E+01   0.000000E+00   8.891312
8.679571   2.288616E-04   6.290201E+01   0.000000E+00   8.697190
8.489776   2.746854E-04   7.624299E+01   0.000000E+00   8.506881
8.303701   3.287052E-04   9.252757E+01   0.000000E+00   8.320307
8.121276   3.922243E-04   1.125042E+02   0.000000E+00   8.137397
7.942428   4.667314E-04   1.370131E+02   0.000000E+00   7.958079
7.767087   5.539242E-04   1.671013E+02   0.000000E+00   7.782280
7.595183   6.557338E-04   2.040945E+02   0.000000E+00   7.609934
7.426650   7.743565E-04   2.495626E+02   0.000000E+00   7.440971
7.261422   9.122859E-04   3.051448E+02   0.000000E+00   7.275325
7.099433   1.072348E-03   3.715462E+02   0.000000E+00   7.112931
6.940621   1.257744E-03   4.491931E+02   0.000000E+00   6.953725
6.784923   1.472095E-03   5.374859E+02   0.000000E+00   6.797645
6.632277   1.719490E-03   6.369294E+02   0.000000E+00   6.644629
6.482625   2.004546E-03   7.486340E+02   0.000000E+00   6.494617
6.335907   2.332465E-03   8.726953E+02   0.000000E+00   6.347550
6.192066   2.709102E-03   1.008799E+03   0.000000E+00   6.203370
6.051045   3.141041E-03   1.157978E+03   0.000000E+00   6.062021
5.912789   3.635678E-03   1.321446E+03   0.000000E+00   5.923446
5.777245   4.201300E-03   1.500543E+03   0.000000E+00   5.787591
5.644358   4.847202E-03   1.696651E+03   0.000000E+00   5.654404
5.514076   5.583768E-03   1.911212E+03   0.000000E+00   5.523830
5.386349   6.422674E-03   2.145648E+03   0.000000E+00   5.395820
5.261127   7.376745E-03   2.400932E+03   0.000000E+00   5.270323
5.138360   8.460427E-03   2.676849E+03   0.000000E+00   5.147289
5.018000   9.689732E-03   2.973936E+03   0.000000E+00   5.026670
