     z           Phi            Tk          Phi_mini       zpp[0]
35.000000   0.000000E+00   2.563500E+01   0.000000E+00   34.906536
34.190166   3.736108E-13   2.451678E+01   1.549853E-09   34.202366
33.500164   7.025524E-13   2.357492E+01   2.443534E-09   33.512005
32.823692   1.298101E-12   2.266812E+01   3.796530E-09   32.835186
32.160480   2.358274E-12   2.179516E+01   5.837505E-09   32.171638
31.510277   4.214965E-12   2.095489E+01   8.844944E-09   31.521109
30.872822   7.416407E-12   2.014618E+01   1.321438E-08   30.883337
30.247864   1.285298E-11   1.936793E+01   1.947525E-08   30.258072
29.635162   2.195087E-11   1.861912E+01   2.832754E-08   29.645071
29.034473   3.696131E-11   1.789876E+01   4.068399E-08   29.044092
28.445562   6.139329E-11   1.720592E+01   5.774364E-08   28.454899
27.868198   1.006335E-10   1.653972E+01   8.131875E-08   27.877262
27.302156   1.628506E-10   1.589933E+01   1.131773E-07   27.310955
26.747211   2.603022E-10   1.528399E+01   1.557487E-07   26.755753
26.203150   4.111549E-10   1.469300E+01   2.120086E-07   26.211441
25.669756   6.419181E-10   1.412572E+01   2.855702E-07   25.677805
25.146820   9.910871E-10   1.358158E+01   3.807730E-07   25.154633
24.634138   1.513695E-09   1.306010E+01   5.044951E-07   24.641722
24.131508   2.288000E-09   1.256093E+01   6.622082E-07   24.138870
23.638733   3.424471E-09   1.208370E+01   8.611327E-07   23.645880
23.155621   5.076631E-09   1.162822E+01   1.109774E-06   23.162560
22.681982   7.456881E-09   1.119434E+01   1.417859E-06   22.688717
22.217630   1.085697E-08   1.078208E+01   1.798875E-06   22.224169
21.762383   1.567270E-08   1.039166E+01   2.268214E-06   21.768728
21.316061   2.243948E-08   1.002328E+01   2.836907E-06   21.322222
20.878492   3.187550E-08   9.677258E+00   3.520960E-06   20.884474
20.449503   4.494011E-08   9.354250E+00   4.337589E-06   20.455309
20.028925   6.289432E-08   9.055075E+00   5.312942E-06   20.034561
19.616592   8.743118E-08   8.780693E+00   6.472206E-06   19.622063
19.212347   1.207434E-07   8.532256E+00   7.829460E-06   19.217657
18.816027   1.657778E-07   8.311151E+00   9.408241E-06   18.821182
18.427477   2.263535E-07   8.119164E+00   1.123254E-05   18.432482
18.046547   3.074261E-07   7.958321E+00   1.336186E-05   18.051405
17.673086   4.154663E-07   7.831559E+00   1.579764E-05   17.677803
17.306948   5.593134E-07   7.741621E+00   1.856522E-05   17.311525
16.947987   7.382275E-07   7.691972E+00   2.169354E-05   16.952431
16.596067   9.782240E-07   7.686704E+00   2.524961E-05   16.600382
16.251045   1.282646E-06   7.731187E+00   2.924869E-05   16.255234
15.912790   1.685950E-06   7.830299E+00   3.369333E-05   15.916856
15.581167   2.197868E-06   7.989961E+00   3.861407E-05   15.585114
15.256047   2.839232E-06   8.217594E+00   4.411567E-05   15.259878
14.937301   3.656608E-06   8.523444E+00   5.017617E-05   14.941020
14.624805   4.716554E-06   8.917609E+00   5.678462E-05   14.628415
14.318437   6.046924E-06   9.410892E+00   6.397010E-05   14.321941
14.018076   7.711586E-06   1.002024E+01   7.191298E-05   14.021478
13.723604   9.782711E-06   1.076174E+01   8.048707E-05   13.726907
13.434906   1.235155E-05   1.165527E+01   8.968347E-05   13.438112
13.151869   1.555028E-05   1.272361E+01   9.958936E-05   13.154981
12.874381   1.948236E-05   1.400038E+01   1.103272E-04   12.877402
12.602335   2.429881E-05   1.551561E+01   1.217433E-04   12.605268
12.335623   3.009919E-05   1.730019E+01   1.338572E-04   12.338470
12.074141   3.725716E-05   1.939975E+01   1.468841E-04   12.076904
11.817785   4.592420E-05   2.186655E+01   1.606994E-04   11.820468
11.566456   5.648310E-05   2.475580E+01   1.751973E-04   11.569060
11.320055   6.911173E-05   2.813771E+01   1.905506E-04   11.322583
11.078485   8.434153E-05   3.210771E+01   2.069762E-04   11.080940
10.841653   1.026907E-04   3.675219E+01   2.241079E-04   10.844036
10.609464   1.246523E-04   4.217617E+01   2.419708E-04   10.611777
10.381827   1.508082E-04   4.850804E+01   2.610463E-04   10.384073
10.158654   1.818436E-04   5.586007E+01   2.811264E-04   10.160834
9.939857   2.189290E-04   6.441911E+01   3.019082E-04   9.941974
9.725350   2.626411E-04   7.439267E+01   3.236692E-04   9.727405
9.515050   3.142076E-04   8.604119E+01   3.469581E-04   9.517044
9.308872   3.751508E-04   9.965086E+01   3.710767E-04   9.310808
9.106738   4.468444E-04   1.154954E+02   3.960610E-04   9.108618
8.908567   5.308838E-04   1.340926E+02   4.225139E-04   8.910392
8.714281   6.288825E-04   1.558546E+02   4.507464E-04   8.716052
8.523806   7.436297E-04   1.813379E+02   4.799559E-04   8.525525
8.337065   8.768850E-04   2.112475E+02   5.105067E-04   8.338735
8.153985   1.032493E-03   2.464103E+02   5.429302E-04   8.155605
7.974495   1.213145E-03   2.876176E+02   5.772033E-04   7.976069
7.798525   1.422401E-03   3.358664E+02   6.129717E-04   7.800053
7.626005   1.664872E-03   3.919602E+02   6.501386E-04   7.627488
7.456868   1.943893E-03   4.570719E+02   6.905906E-04   7.458307
7.291047   2.266828E-03   5.334794E+02   7.329203E-04   7.292445
7.128478   2.638416E-03   6.229756E+02   7.772816E-04   7.129835
6.969096   3.065381E-03   7.273138E+02   8.236807E-04   6.970413
6.812839   3.556140E-03   8.482404E+02   8.733094E-04   6.814118
6.659647   4.119017E-03   9.869918E+02   9.261470E-04   6.660888
6.509458   4.764436E-03   1.144009E+03   9.811452E-04   6.510663
6.362213   5.501589E-03   1.319953E+03   1.038912E-03   6.363384
6.217856   6.343186E-03   1.512602E+03   1.099970E-03   6.218993
6.076330   7.303807E-03   1.721839E+03   1.165752E-03   6.077433
5.937578   8.397991E-03   1.949094E+03   1.234534E-03   5.938650
5.801548   9.641363E-03   2.195715E+03   1.306507E-03   5.802588
5.668184   1.105492E-02   2.462607E+03   1.381346E-03   5.669194
5.537436   1.265757E-02   2.749674E+03   1.462144E-03   5.538416
5.409251   1.447485E-02   3.057308E+03   1.547499E-03   5.410203
5.283579   1.653291E-02   3.386896E+03   1.636298E-03   5.284503
5.160372   1.885522E-02   3.739872E+03   1.729422E-03   5.161270
5.039580   2.147530E-02   4.117624E+03   1.826241E-03   5.040452
4.921157   2.442500E-02   4.521480E+03   1.931315E-03   4.922004
4.805056   2.774749E-02   4.952726E+03   2.041406E-03   4.805878
4.691232   3.148378E-02   5.412660E+03   2.156048E-03   4.692030
4.579639   3.567315E-02   5.901994E+03   2.275242E-03   4.580414
4.470234   4.036546E-02   6.420056E+03   2.399167E-03   4.470987
4.362975   4.560691E-02   6.963383E+03   2.532202E-03   4.363706
4.257819   5.146753E-02   7.529009E+03   2.672979E-03   4.258529
4.154725   5.799139E-02   8.117014E+03   2.819916E-03   4.155414
4.053651   6.525844E-02   8.727808E+03   2.972173E-03   4.054321
3.954560   7.332894E-02   9.361688E+03   3.130599E-03   3.955211
3.857412   8.228603E-02   1.001879E+04   3.295203E-03   3.858044
3.762169   9.219813E-02   1.069912E+04   3.473749E-03   3.762782
3.668793   1.031637E-01   1.140262E+04   3.660428E-03   3.669389
3.577248   1.152624E-01   1.212912E+04   3.854782E-03   3.577827
3.487498   1.285891E-01   1.287826E+04   4.057017E-03   3.488060
3.399508   1.432319E-01   1.364939E+04   4.267644E-03   3.400054
3.313243   1.593197E-01   1.444163E+04   4.486456E-03   3.313774
3.228670   1.769504E-01   1.525380E+04   4.719308E-03   3.229186
3.145755   1.962271E-01   1.608440E+04   4.967442E-03   3.146256
3.064466   2.172808E-01   1.693128E+04   5.225337E-03   3.064953
2.984771   2.402637E-01   1.779108E+04   5.493544E-03   2.985244
2.906638   2.652222E-01   1.865806E+04   5.773619E-03   2.907098
2.830037   2.923212E-01   1.952424E+04   6.065592E-03   2.830484
2.754939   3.217423E-01   2.038371E+04   6.369707E-03   2.755373
2.681312   3.535446E-01   2.123364E+04   6.687732E-03   2.681734
2.609130   3.878947E-01   2.207210E+04   7.031017E-03   2.609540
2.538363   4.250051E-01   2.289723E+04   7.388644E-03   2.538761
2.468983   4.649502E-01   2.370711E+04   7.761119E-03   2.469370
2.400964   5.078931E-01   2.449980E+04   8.149029E-03   2.401340
2.334278   5.540775E-01   2.527356E+04   8.553613E-03   2.334645
2.268900   6.034718E-01   2.602648E+04   8.975740E-03   2.269257
2.204804   6.563649E-01   2.675674E+04   9.416069E-03   2.205151
2.141965   7.128829E-01   2.746258E+04   9.875489E-03   2.142302
2.080358   7.731850E-01   2.814225E+04   1.035454E-02   2.080686
2.019959   8.373669E-01   2.879415E+04   1.086677E-02   2.020278
1.960744   9.057305E-01   2.941673E+04   1.140223E-02   1.961054
1.902690   9.783342E-01   3.000854E+04   1.195879E-02   1.902992
1.845775   1.055398E+00   3.056836E+04   1.253994E-02   1.846069
1.789975   1.136941E+00   3.109506E+04   1.314535E-02   1.790261
1.735270   1.223361E+00   3.158758E+04   1.377608E-02   1.735548
1.681637   1.314561E+00   3.204505E+04   1.443313E-02   1.681908
1.629056   1.410825E+00   3.246680E+04   1.511788E-02   1.629320
1.577506   1.512435E+00   3.285228E+04   1.583093E-02   1.577763
1.526967   1.619433E+00   3.320129E+04   1.657317E-02   1.527217
1.477419   1.731870E+00   3.351371E+04   1.734407E-02   1.477663
1.428842   1.850458E+00   3.378971E+04   1.814745E-02   1.429080
1.381217   1.974868E+00   3.402950E+04   1.898408E-02   1.381449
1.334527   2.105319E+00   3.423358E+04   1.986660E-02   1.334753
1.288752   2.242092E+00   3.440255E+04   2.078319E-02   1.288972
1.243875   2.384996E+00   3.453715E+04   2.173554E-02   1.244089
1.199877   2.534956E+00   3.463827E+04   2.272657E-02   1.200087
1.156742   2.691897E+00   3.470683E+04   2.375577E-02   1.156947
1.114453   2.856029E+00   3.474392E+04   2.482467E-02   1.114653
1.072993   3.027097E+00   3.475063E+04   2.593324E-02   1.073188
1.032346   3.206073E+00   3.472816E+04   2.708519E-02   1.032537
0.992497   3.392571E+00   3.467768E+04   2.828070E-02   0.992683
0.953428   3.587698E+00   3.460044E+04   2.952193E-02   0.953610
0.915126   3.790804E+00   3.449774E+04   3.080798E-02   0.915303
0.877574   4.002608E+00   3.437083E+04   3.214227E-02   0.877748
0.840759   4.222836E+00   3.422096E+04   3.352610E-02   0.840929
0.804666   4.452309E+00   3.404935E+04   3.496165E-02   0.804832
0.769280   4.691590E+00   3.385719E+04   3.645061E-02   0.769443
0.734588   4.940084E+00   3.364567E+04   3.799360E-02   0.734748
0.700577   5.199213E+00   3.341602E+04   3.959316E-02   0.700733
0.667232   5.468908E+00   3.316934E+04   4.125136E-02   0.667385
0.634542   5.749804E+00   3.290675E+04   4.296956E-02   0.634692
0.602492   6.041991E+00   3.262931E+04   4.475000E-02   0.602639
0.571070   6.345535E+00   3.233802E+04   4.660799E-02   0.571215
0.540265   6.661409E+00   3.203405E+04   4.853310E-02   0.540407
0.510064   6.990538E+00   3.171849E+04   5.052840E-02   0.510203
0.480455   7.332083E+00   3.139226E+04   5.259527E-02   0.480591
0.451426   7.687317E+00   3.105649E+04   5.473644E-02   0.451561
0.422967   8.056650E+00   3.071212E+04   5.695495E-02   0.423099
0.395066   8.441931E+00   3.036009E+04   5.925272E-02   0.395196
0.367711   8.840731E+00   3.000132E+04   6.162968E-02   0.367839
0.340894   9.256279E+00   2.963665E+04   6.409298E-02   0.341019
0.314602   9.688271E+00   2.926697E+04   6.664441E-02   0.314726
0.288825   1.013920E+01   2.889313E+04   6.928817E-02   0.288947
0.263554   1.060666E+01   2.851587E+04   7.202370E-02   0.263674
0.238779   1.109317E+01   2.813591E+04   7.485605E-02   0.238897
0.214489   1.159989E+01   2.775392E+04   7.778934E-02   0.214606
0.190675   1.212578E+01   2.737063E+04   8.082659E-02   0.190791
0.167329   1.267320E+01   2.698654E+04   8.397256E-02   0.167443
0.144440   1.324344E+01   2.660232E+04   8.723127E-02   0.144553
0.122000   1.383619E+01   2.621850E+04   9.060537E-02   0.122111
