-4
-4
885
1326
1
1
2082
1325
0
0
2267
1358
0.699
0.699
2273
329
795
1199
833
1203
870
1206
909
1209
939
1208
969
1201
1000
1184
1030
1152
1063
1113
1102
1066
1140
1030
1194
1000
1242
980
1291
963
1360
947
1431
933
1503
917
1544
909
1587
909
1622
927
1633
936
1658
918
1692
925
1715
914
1739
929
1755
924
1805
927
1869
950
1897
972
1919
1015
1943
1061
1962
1099
1982
1119
1995
1124
2006
1125
2024
1122
2047
1106
2059
1098
2080
1088
2108
1084
2127
1088
2144
1077
2156
1076
2167
1090
2188
1125
2201
1129
2263
1138
2263
799
2197
788
2182
795
2165
817
2158
825
2147
824
2136
808
2100
799
2076
788
2042
753
2003
719
1988
715
1979
719
1960
738
1926
796
1893
854
1831
860
1747
843
1718
848
1648
822
1629
809
1596
816
1542
804
1429
748
1288
679
1217
637
1134
579
1088
529
1039
467
995
416
924
374
844
354
796
347
