-4
-4
846
44
2
2
2101
2222
-5
-5
2222
1292
1
1
2319
384
% ---- 05
1195
1290
1244
1204
1296
1105
1359
996
1447
850
1526
735
1554
701
1610
666
1633
653
1657
624
1680
598
1692
592
1725
620
1761
718
1817
1007
1843
1198
1853
1290
% ---- sigma 1
1130
1289
1236
1097
1329
938
1405
818
1499
696
1597
612
1664
577
1683
573
1702
575
1744
596
1799
661
1879
839
1955
1093
2000
1289
% ---- sigma 2
939
1290
1031
1136
1124
996
1212
877
1342
732
1488
619
1625
569
1691
565
1807
596
1950
702
2047
823
2161
1008
2299
1291
