-1
-1
852
1305
19
19
2255
1303
-10
-10
2336
1317
0
0
2332
362
% Spectral Distortion
781
793
809
795
872
794
956
794
982
790
1012
776
1022
765
1032
778
1048
786
1067
791
1086
790
1112
787
1148
776
1181
755
1207
713
1227
658
1245
591
1257
531
1269
458
1276
417
1279
385
1285
359
% SKA 
1254
363
1264
424
1271
489
1280
582
1290
662
1302
736
1316
803
1324
834
1335
856
1347
862
1386
834
1428
784
1484
693
1540
598
1585
516
1625
439
1644
405
1674
348
% BBN 
1240
362
1252
387
1266
400
1294
408
1335
409
1368
406
1470
398
1585
396
1721
395
1946
396
2153
395
2324
397
% EPTA 
1320
361
1327
389
1329
418
1341
474
1353
529
1369
550
1384
549
1406
533
1430
512
1456
478
1480
442
1498
410
1530
355
% aLIGO 
2006
361
2015
386
2030
431
2053
456
2052
458
2081
452
2101
438
2132
411
2148
391
2171
359
% LISA 
1609
357
1625
461
1636
547
1663
660
1701
723
1762
775
1780
778
1795
772
1820
755
1866
706
1921
617
1984
511
2019
449
1066
358
