-17
-17
691
888
19
19
2512
2222
-6
-6
2222
1506
0
0
2645
260
% Evaporation 
637
1508
662
1206
682
838
695
625
698
579
702
574
712
560
719
524
727
426
734
325
737
259
% Lensing 
1022
262
1030
373
1042
497
1055
602
1063
655
1081
713
1086
722
1098
723
1112
714
1140
690
1168
648
1185
606
1210
537
1226
491
1236
466
1257
473
1268
514
1291
582
1306
606
1343
640
1370
640
1396
617
1424
569
1443
572
1463
570
1490
545
1524
503
1567
413
1603
345
1674
345
1752
342
1755
260
% Light Blue 
1577
259
1593
357
1606
468
1627
567
1655
667
1686
739
1704
777
1708
805
1713
857
1728
937
1748
992
1761
1013
1766
1015
1786
1014
1802
996
1824
966
1849
881
1866
818
1889
720
1902
639
1913
506
1922
356
1924
260
% Green 
1688
260
1622
383
1663
528
1699
641
1752
471
1801
476
1869
1035
1955
1200
2133
474
2208
466
2280
260
% Purple 
1766
260
1840
563
1907
843
2087
972
2211
473
2263
260
% CMB
2480
260
2637
572
