15
15
440
444
50
50
1882
1197
-6
-6
1111
1210
0
0
2080
198
456
1200
487
759
501
458
506
454
513
441
518
419
521
389
526
336
529
277
533
198
766
198
769
243
775
324
783
405
792
474
798
518
806
553
816
573
824
576
830
575
838
568
843
563
850
558
864
547
874
533
887
506
916
429
937
366
956
373
983
454
1005
491
1025
505
1049
508
1079
489
1091
449
1100
454
1121
462
1140
438
1157
416
1173
399
1191
491
1192
361
1228
287
1241
379
1263
472
1278
528
1301
583
1319
620
1325
669
1350
778
1364
806
1372
815
1382
814
1391
808
1413
780
1425
759
1438
705
1455
828
1524
964
1578
741
1633
778
1774
198
1954
198
2072
447
